rxF_c_d = [7 + j*(17)
-17 + j*(12)
-6 + j*(-15)
-2 + j*(-1)
-22 + j*(0)
11 + j*(-4)
11 + j*(5)
-4 + j*(-8)
-4 + j*(-12)
15 + j*(8)
-11 + j*(9)
-11 + j*(4)
-2 + j*(7)
-6 + j*(11)
-6 + j*(-10)
7 + j*(1)
21 + j*(-3)
-9 + j*(-2)
20 + j*(-11)
4 + j*(-6)
-15 + j*(0)
-13 + j*(-12)
-5 + j*(-4)
-14 + j*(-7)
24 + j*(0)
-11 + j*(21)
9 + j*(0)
-23 + j*(1)
6 + j*(-8)
15 + j*(4)
5 + j*(-1)
-19 + j*(1)
21 + j*(27)
5 + j*(26)
3 + j*(-3)
5 + j*(-4)
-5 + j*(-10)
14 + j*(8)
-21 + j*(-14)
-20 + j*(-17)
-9 + j*(0)
-16 + j*(16)
-8 + j*(2)
-25 + j*(8)
-5 + j*(0)
-15 + j*(-7)
-3 + j*(11)
3 + j*(5)
1 + j*(-4)
-7 + j*(-13)
4 + j*(-1)
9 + j*(-15)
-16 + j*(-2)
5 + j*(-24)
8 + j*(-14)
17 + j*(7)
-26 + j*(17)
-5 + j*(-21)
1 + j*(2)
-7 + j*(-6)
-11 + j*(-19)
3 + j*(9)
3 + j*(8)
-2 + j*(20)
8 + j*(-3)
11 + j*(-2)
10 + j*(22)
7 + j*(-1)
10 + j*(7)
-1 + j*(0)
4 + j*(20)
15 + j*(2)
18 + j*(18)
-2 + j*(-1)
-5 + j*(-5)
0 + j*(-18)
-13 + j*(9)
8 + j*(-1)
-8 + j*(-27)
-39 + j*(13)
15 + j*(-3)
8 + j*(-10)
-4 + j*(4)
-6 + j*(-12)
7 + j*(-2)
10 + j*(10)
-1 + j*(-6)
0 + j*(-24)
17 + j*(-1)
-5 + j*(10)
4 + j*(19)
11 + j*(2)
-4 + j*(15)
1 + j*(-1)
-1 + j*(0)
-6 + j*(-9)
5 + j*(-5)
-4 + j*(7)
-4 + j*(5)
3 + j*(5)
-8 + j*(9)
1 + j*(-10)
7 + j*(8)
-5 + j*(0)
-8 + j*(9)
7 + j*(13)
-2 + j*(-12)
2 + j*(-24)
8 + j*(14)
-4 + j*(-13)
0 + j*(-27)
-8 + j*(-4)
8 + j*(-5)
-7 + j*(-10)
13 + j*(16)
22 + j*(-1)
12 + j*(4)
6 + j*(-10)
29 + j*(-18)
-2 + j*(-10)
10 + j*(-1)
-11 + j*(-12)
-23 + j*(0)
10 + j*(-15)
1 + j*(-1)
-5 + j*(-2)
-18 + j*(11)
-16 + j*(0)
-3 + j*(2)
11 + j*(-7)
-5 + j*(-9)
-23 + j*(-13)
-5 + j*(-2)
1 + j*(-3)
-6 + j*(7)
-18 + j*(-27)
-7 + j*(6)
0 + j*(9)
-9 + j*(-5)
0 + j*(5)
-5 + j*(-11)
10 + j*(11)
-10 + j*(-7)
4 + j*(14)
-9 + j*(-1)
-9 + j*(23)
-14 + j*(3)
7 + j*(33)
-12 + j*(17)
1 + j*(-2)
3 + j*(-14)
-11 + j*(13)
-22 + j*(3)
-17 + j*(0)
11 + j*(-5)
11 + j*(-24)
8 + j*(-10)
-15 + j*(4)
-19 + j*(-10)
-14 + j*(-11)
12 + j*(4)
26 + j*(-11)
-5 + j*(22)
11 + j*(3)
-12 + j*(13)
7 + j*(-12)
-5 + j*(3)
0 + j*(-6)
-5 + j*(-2)
10 + j*(-14)
-15 + j*(-12)
10 + j*(-7)
10 + j*(-19)
3 + j*(-1)
-4 + j*(8)
11 + j*(3)
13 + j*(-5)
13 + j*(5)
7 + j*(11)
6 + j*(-6)
13 + j*(0)
-3 + j*(0)
-14 + j*(-3)
13 + j*(-3)
3 + j*(-1)
-14 + j*(-2)
-7 + j*(10)
-5 + j*(-25)
8 + j*(-15)
-5 + j*(-1)
12 + j*(-4)
-25 + j*(21)
-3 + j*(16)
-3 + j*(-9)
1 + j*(7)
-8 + j*(9)
10 + j*(-3)
3 + j*(-9)
-10 + j*(-7)
0 + j*(-6)
0 + j*(7)
-3 + j*(-10)
-8 + j*(-9)
-9 + j*(-2)
11 + j*(-13)
6 + j*(-6)
-6 + j*(-6)
9 + j*(-21)
4 + j*(3)
8 + j*(-9)
4 + j*(5)
-4 + j*(4)
-11 + j*(-2)
3 + j*(12)
5 + j*(6)
22 + j*(-17)
-10 + j*(-7)
8 + j*(-3)
-6 + j*(-18)
-20 + j*(4)
-22 + j*(-19)
-5 + j*(8)
2 + j*(-5)
1 + j*(2)
-10 + j*(-12)
7 + j*(6)
-11 + j*(4)
10 + j*(2)
1 + j*(0)
-11 + j*(-2)
7 + j*(-1)
4 + j*(3)
-2 + j*(-7)
-18 + j*(0)
2 + j*(-19)
-13 + j*(-7)
11 + j*(4)
6 + j*(-8)
1 + j*(4)
4 + j*(11)
1 + j*(-3)
-22 + j*(3)
9 + j*(0)
-6 + j*(20)
-15 + j*(-10)
-1 + j*(-15)
-7 + j*(-13)
-4 + j*(-4)
-6 + j*(-1)
7 + j*(-3)
-6 + j*(8)
2 + j*(1)
-11 + j*(15)
-18 + j*(8)
-9 + j*(-18)
-6 + j*(-2)
6 + j*(-2)
12 + j*(1)
2 + j*(-3)
-8 + j*(-1)
11 + j*(-21)
6 + j*(16)
17 + j*(-2)
-8 + j*(10)
1 + j*(-7)
-3 + j*(-10)
16 + j*(0)
4 + j*(3)
-15 + j*(9)
0 + j*(-11)
-4 + j*(20)
-9 + j*(-10)
13 + j*(-3)
6 + j*(4)
-3 + j*(-2)
10 + j*(10)
-4 + j*(-13)
6 + j*(11)
-11 + j*(12)
5 + j*(-8)
-6 + j*(-2)
-3 + j*(9)
0 + j*(-4)
-5 + j*(15)
11 + j*(1)
-12 + j*(19)
-2 + j*(-1)
8 + j*(-6)
-22 + j*(-1)
-4 + j*(4)
-8 + j*(-2)
0 + j*(-5)
-3 + j*(8)
3 + j*(-3)
-9 + j*(2)
3 + j*(-8)
2 + j*(-15)
3 + j*(23)
17 + j*(-6)
-3 + j*(-2)
];
